
?

>
atz


ELM327 v1.4

>
atz


ELM327 v1.4

>
atz


ELM327 v1.4

>
00110000 00110001 00100000 00110000 00110000 00001010 01010011 01000101 01000001 01010010 01000011 01001000 01001001 01001110 01000111 00101110 00101110 00101110 00001010 
32 84 79 32 67 79 78 78 69 67 84 10 10 62 48 49 32 48 68 10 83 69 65 82 67 72 73 78 71 46 46 46 10 32 84 79 32 67 79 78 78 69 67 84 10 10 62 48 49 32 48 68 10 83 69 65 82 67 72 73 78 71 46 46 46 10 32 84 79 32 67 79 78 78 69 67 84 10 10 62 48 49 32 48 68 10 83 69 65 82 67 72 73 78 71 46 46 46 10 32 84 79 32 67 79 78 78 69 67 84 10 10 62 48 49 32 48 68 10 83 69 65 82 67 72 73 78 71 46 46 46 10 32 84 79 32 67 79 78 78 69 67 84 10 10 62 48 49 32 48 68 10 83 69 65 82 67 72 73 78 71 46 46 46 10 32 84 79 32 67 79 78 78 69 67 84 10 10 62 48 49 32 48 68 10 83 69 65 82 67 72 73 78 71 46 46 46 10 32 84 79 32 67 79 78 78 69 67 84 10 10 62 48 49 32 48 68 10 83 69 65 82 67 72 73 78 71 46 46 46 10 32 84 79 32 67 79 78 78 69 67 84 10 10 62 48 49 32 48 68 10 83 69 65 82 67 72 73 78 71 46 46 46 10 32 84 79 32 67 79 78 78 69 67 84 10 10 62 48 49 32 48 68 10 83 69 65 82 67 72 73 78 71 46 46 46 10 32 84 79 32 67 79 78 78 69 67 84 10 10 62 48 49 32 48 68 10 83 69 65 82 67 72 73 78 71 46 46 46 10 
SEARCHING...

STOPPED

>tz
?

>
atz


ELM327 v1.4

>
atz


ELM327 v1.4

>
00110000 00110001 00100000 00110000 00110000 00001010 01010011 01000101 01000001 01010010 01000011 01001000 01001001 01001110 01000111 00101110 00101110 00101110 00001010 
32 84 79 32 67 79 78 78 69 67 84 10 10 62 48 49 32 48 68 10 83 69 65 82 67 72 73 78 71 46 46 46 10 32 84 79 32 67 79 78 78 69 67 84 10 10 62 48 49 32 48 68 10 83 69 65 82 67 72 73 78 71 46 46 46 10 32 84 79 32 67 79 78 78 69 67 84 10 10 62 48 49 32 48 68 10 83 69 65 82 67 72 73 78 71 46 46 46 10 32 84 79 32 67 79 78 78 69 67 84 10 10 62 48 49 32 48 68 10 83 69 65 82 67 72 73 78 71 46 46 46 10 32 84 79 32 67 79 78 78 69 67 84 10 10 62 48 49 32 48 68 10 83 69 65 82 67 72 73 78 71 46 46 46 10 32 84 79 32 67 79 78 78 69 67 84 10 10 62 48 49 32 48 68 10 83 69 65 82 67 72 73 78 71 46 46 46 10 32 84 79 32 67 79 78 78 69 67 84 10 10 62 48 49 32 48 68 10 83 69 65 82 67 72 73 78 71 46 46 46 10 32 84 79 32 67 79 78 78 69 67 84 10 10 62 48 49 32 48 68 10 83 69 65 82 67 72 73 78 71 46 46 46 10 32 84 79 32 67 79 78 78 69 67 84 10 10 62 48 49 32 48 68 10 83 69 65 82 67 72 73 78 71 46 46 46 10 32 84 79 32 67 79 78 78 69 67 84 10 10 62 48 49 32 48 68 10 83 69 65 82 67 72 73 78 71 46 46 46 10 
SEARCHING...

STOPPED

>tz
?

>
atz


ELM327 v1.4

>
atz


ELM327 v1.4

>
00110000 00110001 00100000 00110000 00110000 00001010 01010011 01000101 01000001 01010010 01000011 01001000 01001001 01001110 01000111 00101110 00101110 00101110 00001010 
32 84 79 32 67 79 78 78 69 67 84 10 10 62 48 49 32 48 68 10 83 69 65 82 67 72 73 78 71 46 46 46 10 
32 84 79 32 67 79 78 78 69 67 84 10 10 62 48 49 32 48 68 10 83 69 65 82 67 72 73 78 71 46 46 46 10 
32 84 79 32 67 79 78 78 69 67 84 10 10 62 48 49 32 48 68 10 83 69 65 82 67 72 73 78 71 46 46 46 10 
32 84 79 32 67 79 78 78 69 67 84 10 10 62 48 49 32 48 68 10 83 69 65 82 67 72 73 78 71 46 46 46 10 
32 84 79 32 67 79 78 78 69 67 84 10 10 62 48 49 32 48 68 10 83 69 65 82 67 72 73 78 71 46 46 46 10 
32 84 79 32 67 79 78 78 69 67 84 10 10 62 48 49 32 48 68 10 83 69 65 82 67 72 73 78 71 46 46 46 10 
32 84 79 32 67 79 78 78 69 67 84 10 10 62 48 49 32 48 68 10 83 69 65 82 67 72 73 78 71 46 46 46 10 
32 84 79 32 67 79 78 78 69 67 84 10 10 62 48 49 32 48 68 10 83 69 65 82 67 72 73 78 71 46 46 46 10 
32 84 79 32 67 79 78 78 69 67 84 10 10 62 48 49 32 48 68 10 83 69 65 82 67 72 73 78 71 46 46 46 10 
32 84 79 32 67 79 78 78 69 67 84 10 10 62 48 49 32 48 68 10 83 69 65 82 67 72 73 78 71 46 46 46 10 

?

>
atz


ELM327 v1.4

>
atz


ELM327 v1.4

>
atz


ELM327 v1.4

>
00110000 00110001 00100000 00110000 00110000 00001010 01010011 01000101 01000001 01010010 01000011 01001000 01001001 01001110 01000111 00101110 00101110 00101110 00001010 
65 66 76 69 32 84 79 32 67 79 78 78 69 67 84 10 10 62 48 49 32 48 68 10 83 69 65 82 67 72 73 78 71 46 46 46 10 km/h
65 66 76 69 32 84 79 32 67 79 78 78 69 67 84 10 10 62 48 49 32 48 68 10 83 69 65 82 67 72 73 78 71 46 46 46 10 km/h
65 66 76 69 32 84 79 32 67 79 78 78 69 67 84 10 10 62 48 49 32 48 68 10 83 69 65 82 67 72 73 78 71 46 46 46 10 km/h
65 66 76 69 32 84 79 32 67 79 78 78 69 67 84 10 10 62 48 49 32 48 68 10 83 69 65 82 67 72 73 78 71 46 46 46 10 km/h
65 66 76 69 32 84 79 32 67 79 78 78 69 67 84 10 10 62 48 49 32 48 68 10 83 69 65 82 67 72 73 78 71 46 46 46 10 km/h
65 66 76 69 32 84 79 32 67 79 78 78 69 67 84 10 10 62 48 49 32 48 68 10 83 69 65 82 67 72 73 78 71 46 46 46 10 km/h
65 66 76 69 32 84 79 32 67 79 78 78 69 67 84 10 10 62 48 49 32 48 68 10 83 69 65 82 67 72 73 78 71 46 46 46 10 km/h
65 66 76 69 32 84 79 32 67 79 78 78 69 67 84 10 10 62 48 49 32 48 68 10 83 69 65 82 67 72 73 78 71 46 46 46 10 km/h
65 66 76 69 32 84 79 32 67 79 78 78 69 67 84 10 10 62 48 49 32 48 68 10 83 69 65 82 67 72 73 78 71 46 46 46 10 km/h
65 66 76 69 32 84 79 32 67 79 78 78 69 67 84 10 10 62 48 49 32 48 68 10 83 69 65 82 67 72 73 78 71 46 46 46 10 km/h
65 66 76 69 32 84 79 32 67 79 78 78 69 67 84 10 10 62 48 49 32 48 67 10 83 69 65 82 67 72 73 78 71 46 46 46 10 rpm
4176 rpm

SEARCHING...

STOPPED

>tz
?

>
atz


ELM327 v1.4

>
atz


ELM327 v1.4

>
00110000 00110001 00100000 00110000 00110000 00001010 01010011 01000101 01000001 01010010 01000011 01001000 01001001 01001110 01000111 00101110 00101110 00101110 00001010 
65 66 76 69 32 84 79 32 67 79 78 78 69 67 84 10 10 62 48 49 32 48 68 10 83 69 65 82 67 72 73 78 71 46 46 46 10 km/h
65 66 76 69 32 84 79 32 67 79 78 78 69 67 84 10 10 62 48 49 32 48 68 10 83 69 65 82 67 72 73 78 71 46 46 46 10 km/h
65 66 76 69 32 84 79 32 67 79 78 78 69 67 84 10 10 62 48 49 32 48 68 10 83 69 65 82 67 72 73 78 71 46 46 46 10 km/h
65 66 76 69 32 84 79 32 67 79 78 78 69 67 84 10 10 62 48 49 32 48 68 10 83 69 65 82 67 72 73 78 71 46 46 46 10 km/h
65 66 76 69 32 84 79 32 67 79 78 78 69 67 84 10 10 62 48 49 32 48 68 10 83 69 65 82 67 72 73 78 71 46 46 46 10 km/h
65 66 76 69 32 84 79 32 67 79 78 78 69 67 84 10 10 62 48 49 32 48 68 10 83 69 65 82 67 72 73 78 71 46 46 46 10 km/h
65 66 76 69 32 84 79 32 67 79 78 78 69 67 84 10 10 62 48 49 32 48 68 10 83 69 65 82 67 72 73 78 71 46 46 46 10 km/h
65 66 76 69 32 84 79 32 67 79 78 78 69 67 84 10 10 62 48 49 32 48 68 10 83 69 65 82 67 72 73 78 71 46 46 46 10 km/h
65 66 76 69 32 84 79 32 67 79 78 78 69 67 84 10 10 62 48 49 32 48 68 10 83 69 65 82 67 72 73 78 71 46 46 46 10 km/h
65 66 76 69 32 84 79 32 67 79 78 78 69 67 84 10 10 62 48 49 32 48 68 10 83 69 65 82 67 72 73 78 71 46 46 46 10 km/h
4176 rpm
Neuer Versuch
Neuer Versuch
Neuer Versuch
Neuer Versuch
Neuer Versuch
00110000 00110001 00100000 00110000 00110000 00001010 01010011 01000101 01000001 01010010 01000011 01001000 01001001 01001110 01000111 00101110 00101110 00101110 00001010 
Neuer Versuch
Geschwindigkeit: 
65 66 76 69 32 84 79 32 67 79 78 78 69 67 84 10 10 62 48 49 32 48 68 10 83 69 65 82 67 72 73 78 71 46 46 46 10 km/h
Neuer Versuch
Geschwindigkeit: 
65 66 76 69 32 84 79 32 67 79 78 78 69 67 84 10 10 62 48 49 32 48 68 10 83 69 65 82 67 72 73 78 71 46 46 46 10 km/h
Neuer Versuch
Geschwindigkeit: 
65 66 76 69 32 84 79 32 67 79 78 78 69 67 84 10 10 62 48 49 32 48 68 10 83 69 65 82 67 72 73 78 71 46 46 46 10 km/h
Neuer Versuch
Geschwindigkeit: 
65 66 76 69 32 84 79 32 67 79 78 78 69 67 84 10 10 62 48 49 32 48 68 10 83 69 65 82 67 72 73 78 71 46 46 46 10 km/h
Neuer Versuch
Geschwindigkeit: 
65 66 76 69 32 84 79 32 67 79 78 78 69 67 84 10 10 62 48 49 32 48 68 10 83 69 65 82 67 72 73 78 71 46 46 46 10 km/h
Neuer Versuch
Geschwindigkeit: 
65 66 76 69 32 84 79 32 67 79 78 78 69 67 84 10 10 62 48 49 32 48 68 10 83 69 65 82 67 72 73 78 71 46 46 46 10 km/h
Neuer Versuch
Geschwindigkeit: 
65 66 76 69 32 84 79 32 67 79 78 78 69 67 84 10 10 62 48 49 32 48 68 10 83 69 65 82 67 72 73 78 71 46 46 46 10 km/h
Neuer Versuch
Geschwindigkeit: 
65 66 76 69 32 84 79 32 67 79 78 78 69 67 84 10 10 62 48 49 32 48 68 10 83 69 65 82 67 72 73 78 71 46 46 46 10 km/h
Neuer Versuch
Geschwindigkeit: 
65 66 76 69 32 84 79 32 67 79 78 78 69 67 84 10 10 62 48 49 32 48 68 10 83 69 65 82 67 72 73 78 71 46 46 46 10 km/h
Neuer Versuch
Geschwindigkeit: 
65 66 76 69 32 84 79 32 67 79 78 78 69 67 84 10 10 62 48 49 32 48 68 10 83 69 65 82 67 72 73 78 71 46 46 46 10 km/h
Neuer Versuch
Motor-Umdrehungen: 
4176 rpm
Neuer Versuch
Motor-Umdrehungen: 
4176 rpm
Neuer Versuch
Motor-Kuehlwassertemperatur: 
25 °C
Neuer Versuch
Zeit seit Motorstart: 
16706 s
00110000 00110001 00100000 00110000 00110000 00001010 01010011 01000101 01000001 01010010 01000011 01001000 01001001 01001110 01000111 00101110 00101110 00101110 00001010 
Geschwindigkeit: 
65 66 76 69 32 84 79 32 67 79 78 78 69 67 84 10 10 62 48 49 32 48 68 10 83 69 65 82 67 72 73 78 71 46 46 46 10 km/h
Geschwindigkeit: 
65 66 76 69 32 84 79 32 67 79 78 78 69 67 84 10 10 62 48 49 32 48 68 10 83 69 65 82 67 72 73 78 71 46 46 46 10 km/h
Geschwindigkeit: 
65 66 76 69 32 84 79 32 67 79 78 78 69 67 84 10 10 62 48 49 32 48 68 10 83 69 65 82 67 72 73 78 71 46 46 46 10 km/h
Geschwindigkeit: 
65 66 76 69 32 84 79 32 67 79 78 78 69 67 84 10 10 62 48 49 32 48 68 10 83 69 65 82 67 72 73 78 71 46 46 46 10 km/h
Geschwindigkeit: 
65 66 76 69 32 84 79 32 67 79 78 78 69 67 84 10 10 62 48 49 32 48 68 10 83 69 65 82 67 72 73 78 71 46 46 46 10 km/h
Geschwindigkeit: 
65 66 76 69 32 84 79 32 67 79 78 78 69 67 84 10 10 62 48 49 32 48 68 10 83 69 65 82 67 72 73 78 71 46 46 46 10 km/h
Geschwindigkeit: 
65 66 76 69 32 84 79 32 67 79 78 78 69 67 84 10 10 62 48 49 32 48 68 10 83 69 65 82 67 72 73 78 71 46 46 46 10 km/h
Geschwindigkeit: 
65 66 76 69 32 84 79 32 67 79 78 78 69 67 84 10 10 62 48 49 32 48 68 10 83 69 65 82 67 72 73 78 71 46 46 46 10 km/h
Geschwindigkeit: 
65 66 76 69 32 84 79 32 67 79 78 78 69 67 84 10 10 62 48 49 32 48 68 10 83 69 65 82 67 72 73 78 71 46 46 46 10 km/h
Geschwindigkeit: 
65 66 76 69 32 84 79 32 67 79 78 78 69 67 84 10 10 62 48 49 32 48 68 10 83 69 65 82 67 72 73 78 71 46 46 46 10 km/h
Motor-Umdrehungen: 
4176 rpm
Motor-Umdrehungen: 
4176 rpm
Motor-Kuehlwassertemperatur: 
25 °C
Zeit seit Motorstart: 
16706 s
00110000 00110001 00100000 00110000 00110000 00001010 01010011 01000101 01000001 01010010 01000011 01001000 01001001 01001110 01000111 00101110 00101110 00101110 00001010 
Geschwindigkeit: 
65 66 76 69 32 84 79 32 67 79 78 78 69 67 84 10 10 62 48 49 32 48 68 10 83 69 65 82 67 72 73 78 71 46 46 46 10 km/h
Geschwindigkeit: 
65 66 76 69 32 84 79 32 67 79 78 78 69 67 84 10 10 62 48 49 32 48 68 10 83 69 65 82 67 72 73 78 71 46 46 46 10 km/h
Geschwindigkeit: 
65 66 76 69 32 84 79 32 67 79 78 78 69 67 84 10 10 62 48 49 32 48 68 10 83 69 65 82 67 72 73 78 71 46 46 46 10 km/h
Geschwindigkeit: 
65 66 76 69 32 84 79 32 67 79 78 78 69 67 84 10 10 62 48 49 32 48 68 10 83 69 65 82 67 72 73 78 71 46 46 46 10 km/h
Geschwindigkeit: 
65 66 76 69 32 84 79 32 67 79 78 78 69 67 84 10 10 62 48 49 32 48 68 10 83 69 65 82 67 72 73 78 71 46 46 46 10 km/h
Geschwindigkeit: 
65 66 76 69 32 84 79 32 67 79 78 78 69 67 84 10 10 62 48 49 32 48 68 10 83 69 65 82 67 72 73 78 71 46 46 46 10 km/h
Geschwindigkeit: 
65 66 76 69 32 84 79 32 67 79 78 78 69 67 84 10 10 62 48 49 32 48 68 10 83 69 65 82 67 72 73 78 71 46 46 46 10 km/h
Geschwindigkeit: 
65 66 76 69 32 84 79 32 67 79 78 78 69 67 84 10 10 62 48 49 32 48 68 10 83 69 65 82 67 72 73 78 71 46 46 46 10 km/h
Geschwindigkeit: 
65 66 76 69 32 84 79 32 67 79 78 78 69 67 84 10 10 62 48 49 32 48 68 10 83 69 65 82 67 72 73 78 71 46 46 46 10 km/h
Geschwindigkeit: 
65 66 76 69 32 84 79 32 67 79 78 78 69 67 84 10 10 62 48 49 32 48 68 10 83 69 65 82 67 72 73 78 71 46 46 46 10 km/h
Motor-Umdrehungen: 
4176 rpm
Motor-Kuehlwassertemperatur: 
25 °C
Zeit seit Motorstart: 
16706 s




SEARCHING...




STOPPED

>tz
?

>



atz


ELM327 v1.4

>



atz


ELM327 v1.4

>
00110000 00110001 00100000 00110000 00110000 00001010 01010011 01000101 01000001 01010010 01000011 01001000 01001001 01001110 01000111 00101110 00101110 00101110 00001010 
Geschwindigkeit: 
65 66 76 69 32 84 79 32 67 79 78 78 69 67 84 10 10 62 48 49 32 48 68 10 83 69 65 82 67 72 73 78 71 46 46 46 10 km/h
Geschwindigkeit: 
65 66 76 69 32 84 79 32 67 79 78 78 69 67 84 10 10 62 48 49 32 48 68 10 83 69 65 82 67 72 73 78 71 46 46 46 10 km/h
Geschwindigkeit: 
65 66 76 69 32 84 79 32 67 79 78 78 69 67 84 10 10 62 48 49 32 48 68 10 83 69 65 82 67 72 73 78 71 46 46 46 10 km/h
Geschwindigkeit: 
65 66 76 69 32 84 79 32 67 79 78 78 69 67 84 10 10 62 48 49 32 48 68 10 83 69 65 82 67 72 73 78 71 46 46 46 10 km/h
Geschwindigkeit: 
65 66 76 69 32 84 79 32 67 79 78 78 69 67 84 10 10 62 48 49 32 48 68 10 83 69 65 82 67 72 73 78 71 46 46 46 10 km/h
Geschwindigkeit: 
65 66 76 69 32 84 79 32 67 79 78 78 69 67 84 10 10 62 48 49 32 48 68 10 83 69 65 82 67 72 73 78 71 46 46 46 10 km/h
Geschwindigkeit: 
65 66 76 69 32 84 79 32 67 79 78 78 69 67 84 10 10 62 48 49 32 48 68 10 83 69 65 82 67 72 73 78 71 46 46 46 10 km/h
Geschwindigkeit: 
65 66 76 69 32 84 79 32 67 79 78 78 69 67 84 10 10 62 48 49 32 48 68 10 83 69 65 82 67 72 73 78 71 46 46 46 10 km/h
Geschwindigkeit: 
65 66 76 69 32 84 79 32 67 79 78 78 69 67 84 10 10 62 48 49 32 48 68 10 83 69 65 82 67 72 73 78 71 46 46 46 10 km/h
Geschwindigkeit: 
65 66 76 69 32 84 79 32 67 79 78 78 69 67 84 10 10 62 48 49 32 48 68 10 83 69 65 82 67 72 73 78 71 46 46 46 10 km/h
Motor-Umdrehungen: 
4176 rpm
Motor-Kuehlwassertemperatur: 
25 °C
Zeit seit Motorstart: 
16706 s




SEARCHING...




STOPPED

>tz
?

>



atz


ELM327 v1.4

>



atz


ELM327 v1.4

>
00110000 00110001 00100000 00110000 00110000 00001010 01010011 01000101 01000001 01010010 01000011 01001000 01001001 01001110 01000111 00101110 00101110 00101110 00001010 
Geschwindigkeit: 65 66 76 69 32 84 79 32 67 79 78 78 69 67 84 10 10 62 48 49 32 48 68 10 83 69 65 82 67 72 73 78 71 46 46 46 10 km/h
Geschwindigkeit: 65 66 76 69 32 84 79 32 67 79 78 78 69 67 84 10 10 62 48 49 32 48 68 10 83 69 65 82 67 72 73 78 71 46 46 46 10 km/h
Geschwindigkeit: 65 66 76 69 32 84 79 32 67 79 78 78 69 67 84 10 10 62 48 49 32 48 68 10 83 69 65 82 67 72 73 78 71 46 46 46 10 km/h
Geschwindigkeit: 65 66 76 69 32 84 79 32 67 79 78 78 69 67 84 10 10 62 48 49 32 48 68 10 83 69 65 82 67 72 73 78 71 46 46 46 10 km/h
Geschwindigkeit: 65 66 76 69 32 84 79 32 67 79 78 78 69 67 84 10 10 62 48 49 32 48 68 10 83 69 65 82 67 72 73 78 71 46 46 46 10 km/h
Geschwindigkeit: 65 66 76 69 32 84 79 32 67 79 78 78 69 67 84 10 10 62 48 49 32 48 68 10 83 69 65 82 67 72 73 78 71 46 46 46 10 km/h
Geschwindigkeit: 65 66 76 69 32 84 79 32 67 79 78 78 69 67 84 10 10 62 48 49 32 48 68 10 83 69 65 82 67 72 73 78 71 46 46 46 10 km/h
Geschwindigkeit: 65 66 76 69 32 84 79 32 67 79 78 78 69 67 84 10 10 62 48 49 32 48 68 10 83 69 65 82 67 72 73 78 71 46 46 46 10 km/h
Geschwindigkeit: 65 66 76 69 32 84 79 32 67 79 78 78 69 67 84 10 10 62 48 49 32 48 68 10 83 69 65 82 67 72 73 78 71 46 46 46 10 km/h
Geschwindigkeit: 65 66 76 69 32 84 79 32 67 79 78 78 69 67 84 10 10 62 48 49 32 48 68 10 83 69 65 82 67 72 73 78 71 46 46 46 10 km/h
Motor-Umdrehungen: 4176 rpm
Motor-Kuehlwassertemperatur: 25 °C
Zeit seit Motorstart: 16706 s




?

>



atz


ELM327 v1.4

>



atz


ELM327 v1.4

>



atz


ELM327 v1.4

>
00110000 00110001 00100000 00110000 00110000 00001010 01010011 01000101 01000001 01010010 01000011 01001000 01001001 01001110 01000111 00101110 00101110 00101110 00001010 
Geschwindigkeit: 65 km/h
Geschwindigkeit: 65 km/h
Geschwindigkeit: 65 km/h
Geschwindigkeit: 65 km/h
Geschwindigkeit: 65 km/h
Geschwindigkeit: 65 km/h
Geschwindigkeit: 65 km/h
Geschwindigkeit: 65 km/h
Geschwindigkeit: 65 km/h
Geschwindigkeit: 65 km/h
Motor-Umdrehungen: 4176 rpm
Motor-Kuehlwassertemperatur: 25 °C
Zeit seit Motorstart: 16706 s




SEARCHING...




STOPPED

>tz
?

>



atz


ELM327 v1.4

>



atz


ELM327 v1.4

>
00110000 00110001 00100000 00110000 00110000 00001010 01010011 01000101 01000001 01010010 01000011 01001000 01001001 01001110 01000111 00101110 00101110 00101110 00001010 
Geschwindigkeit: 65 km/h
Motor-Umdrehungen: 4176 rpm
Motor-Kuehlwassertemperatur: 25 °C
Zeit seit Motorstart: 16706 s
Geschwindigkeit: 65 km/h
Motor-Umdrehungen: 4176 rpm
Motor-Kuehlwassertemperatur: 25 °C
Zeit seit Motorstart: 16706 s
Geschwindigkeit: 65 km/h
Motor-Umdrehungen: 4176 rpm
Motor-Kuehlwassertemperatur: 25 °C
Zeit seit Motorstart: 16706 s
Geschwindigkeit: 65 km/h
Motor-Umdrehungen: 4176 rpm
Motor-Kuehlwassertemperatur: 25 °C
Zeit seit Motorstart: 16706 s
Geschwindigkeit: 65 km/h
Motor-Umdrehungen: 4176 rpm
Motor-Kuehlwassertemperatur: 25 °C
Zeit seit Motorstart: 16706 s
Geschwindigkeit: 65 km/h
Motor-Umdrehungen: 4176 rpm
Motor-Kuehlwassertemperatur: 25 °C
Zeit seit Motorstart: 16706 s
Geschwindigkeit: 65 km/h
Motor-Umdrehungen: 4176 rpm
Motor-Kuehlwassertemperatur: 25 °C
Zeit seit Motorstart: 16706 s
Geschwindigkeit: 65 km/h
Motor-Umdrehungen: 4176 rpm
Motor-Kuehlwassertemperatur: 25 °C
Zeit seit Motorstart: 16706 s
Geschwindigkeit: 65 km/h
Motor-Umdrehungen: 4176 rpm
Motor-Kuehlwassertemperatur: 25 °C
Zeit seit Motorstart: 16706 s
Geschwindigkeit: 65 km/h
Motor-Umdrehungen: 4176 rpm
Motor-Kuehlwassertemperatur: 25 °C
Zeit seit Motorstart: 16706 s
